%YAML:1.0
---
markersize: 0.18
markers_id: [21]
id_21: !!opencv-matrix
   rows: 4
   cols: 4
   dt: d
   data: [1.0, 0.0, 0.0, 0.0, 
          0.0, 1.0, 0.0, 0.0,  
          0.0, 0.0, 1.0, 0.0, 
          0.0, 0.0, 0.0, 1.0]


